1000
-688837902 38591546
-87659779 -511619972
-844125524 941675997
207454271 69161016
333071504 316267477
854121691 354235927
572878995 -657535646
-299943165 -118442069
-829518869 472288600
-249982443 -898742394
115104440 543708228
451733187 502897012
805770682 -435235239
-661611892 -380171251
548137110 -315118640
102167117 -374875139
711413678 -222826100
840588178 -367067268
-259978562 53292151
-545990778 -165425592
135255662 64857925
-800961368 -279759304
388755650 -105065492
587247174 541702715
132870902 93402411
-606345079 -730610309
408330555 822065644
761255162 215991827
-598852958 -139412336
826080888 -286729922
-705849190 672431009
-917198545 -231588050
-534782406 898508790
382634766 931395309
729517981 -397091550
-211866029 -126288882
654576898 -18789491
-656345547 785187570
-368346031 -304740597
-874968420 742838145
-457635420 -477798845
-981169732 925261944
109440635 -452506016
922882271 -716552247
389510824 -470575104
721389924 663610646
-787626585 781721732
-552727725 -322108729
-514333089 -403692219
379951911 -26207942
928069124 -808883729
-397579214 577062051
148888540 -59055519
-838879052 -452038712
-613241010 -705629016
-696866594 -75644811
537524928 -670542274
-126511494 396838475
599151101 -193308064
667335364 -4906668
-919523686 387083504
430369712 -699067289
951002566 853667077
703146510 190796353
217331152 87619524
-825683380 148680580
257494485 -224967910
498792451 161122549
-531801456 640362272
696727531 -148330054
-308548174 -237156756
-470532997 -12675597
67210510 -822007183
-601575559 415861642
709108410 -909120437
-574230311 767410547
-774748881 832618926
-923915619 -64351631
-508152586 757246685
-864614587 -521959073
620375465 -682555881
-622919161 623072024
819125338 851934158
-193264901 44471788
-706147285 256238384
887667315 715929223
-974194309 -564873157
-275896835 821462043
-421844147 113827490
269199682 -692116142
933673310 -535900309
-916820958 -81330343
60910769 -93402363
844960238 -675215314
435616184 -256296749
-228241381 61080551
787149681 139607094
-295392248 600232541
770078774 -715812349
-335654946 -174382252
524607478 303806037
-440942100 533057591
-508371189 271211583
-846768633 62151456
151054697 407664351
-884904920 825765134
862786319 -55180790
-233865440 667972150
-393584741 361712791
986257268 -932388282
-886077427 -230887094
856089118 876642857
-335098502 -424195182
-721886701 -547368728
581841718 -62599241
-978586242 110497949
4272719 -417263506
414928391 479648638
-391001251 550445194
311052220 -472132784
735976706 411305428
-632736423 -617736922
121543292 861027115
-942397509 707011505
-981269097 -194047962
-471943980 -856023020
559941672 -597195017
-220888371 -16725565
702908034 49845784
-817674561 285211232
-254930820 -786375253
161945101 727962301
-234839217 -408365259
238873484 -850220662
-96900724 -434767935
-356004898 389108488
-265880843 741358349
760301258 -378438332
641798559 -415452703
93422997 640946402
371565505 602685887
-461451036 675643724
-988045790 305032710
-321147656 694180116
120271420 594293886
757678022 841614528
797602879 -72529451
-627271348 314339848
502826670 -617581154
-788878584 160674716
671309964 -148174286
-432535821 160207412
-388238904 84095273
770913440 11390559
-580112719 -126717244
423871241 769221350
243881480 936749834
-754557913 244438958
-961833303 656133782
716063960 149011587
282574211 -740209512
769164616 821286804
164131131 -98016990
917138974 416426301
263297401 -847903613
-404634129 -57867788
728762807 889844195
-889217361 -639933862
752133455 -352950793
-883434318 -805028471
-731485360 523283149
-278480325 495809568
496507056 -38572027
513597836 517636559
388378063 967747666
438497769 -316170074
-761433971 209663752
273611488 388329648
-879718067 193113402
579456958 -840991408
-910242995 -802283060
76252725 795740852
-152564997 913559873
-82890259 -386129377
-421466560 26772649
529635347 580450005
-432257599 -727475478
104810226 -910600233
963522556 368858648
-643010764 350984270
-865051793 -437415991
-206400954 -620015029
761195543 -171169537
-478402705 -353145503
-219537007 -874559412
-225141193 -133376326
33923235 -382916662
-317610262 857327625
-452051107 -629438993
238992722 854231736
378540928 -220470109
-764951492 920919911
777868990 -883827608
-231401188 -477993555
468048920 853375012
-371565457 584577857
-569122950 -803295552
-278102738 -48833244
-934007 232366938
583371939 -453051204
-897385164 113944316
395115010 127574016
-516439627 -161103030
763302081 761179827
186786351 8450438
-580490306 316851607
-458330975 -344675618
269676634 76034279
-260217038 -199538784
-652192090 -769941729
425401462 -29479070
-431124838 832755223
895417785 278688447
-193562996 639349780
279672753 144883735
-803524985 368332931
22237911 -637188451
264211559 489345196
178896770 33159137
282673576 121245941
-199445404 -528832336
-546507476 -881510559
102107498 -508270960
923299604 818638748
271226728 -707946065
-192231505 445515975
992735866 362822638
310992601 -334200220
412821853 -121985791
-682220193 441446536
-218563230 -482140878
584564319 -429393939
-148769254 -141943566
-180725038 -207521894
-352964329 -137153700
-329991141 432314637
313933805 114781569
-700384115 -565944062
-643547335 -755163240
-735738182 608780310
252069156 64351679
82393482 -964515432
194059869 148388515
-331879076 357565468
-214986090 -20016164
-178161421 548770688
-754458548 161161491
-120092515 825122591
-974055198 678817497
388417809 -326626001
-440802989 -916305236
-134043361 849247160
927313950 892531193
-704517699 -695523567
-101729863 298957758
-330468093 -826271332
128896302 -480096423
-82373561 79383291
655093596 567696500
-547679983 194164836
317053866 -948198734
516340310 544993314
190363491 -585337178
-830830487 205711139
-898239703 540086622
-365325335 398123561
609663918 -726307218
279454150 532337164
-824014048 -653505149
827094411 803061948
-603781462 249540360
-265622494 508271008
758333831 632612814
-393882836 411266486
983157080 51033515
-375738787 300340199
829717647 -835812122
620852417 25876983
294895471 767819438
-5544543 382410464
-894324722 610182222
-197020898 694647420
-360456450 -156274222
-976936783 549568999
918907671 -383851270
386887588 -664817800
856566070 -854757405
-401712798 608663484
766918967 194048010
799053608 741105226
8227446 177711841
821013273 -152574732
-913621405 439148958
864336413 367359381
989953646 604379864
523315733 -879874995
-989615757 82673890
-430965854 -349212361
918530084 330656546
-789176679 -383890212
-296207041 579398571
-76709756 311983857
-522957971 504805170
-53994917 -734543451
471367711 492947331
-235216804 232853713
442591607 -399622780
-911733470 512048382
-201591688 -283478265
-96105804 -201135406
-666123063 181547628
642056908 -648695812
-723993239 -30218968
726894745 -46438311
-687009586 912527910
554456724 10222299
-706504999 231042910
-664811445 -231042862
509126411 -941306000
759864052 -12909249
-699529576 -459535047
-17448470 721809465
868509743 63163948
265662288 -320142158
-466796873 -70893887
-773973834 600076773
-880731590 -366268957
-291536886 -598713755
588976125 -547018250
335178042 877499581
131122078 634598856
664115938 -800783793
-110136142 972888010
692256106 -582650180
-209699872 449195994
-849789329 82712832
-252486441 123855055
-172537362 -370007389
-51053713 -145779353
-946312490 -744415248
-463080622 24591897
846351348 -343078996
644918620 306551448
784148858 235384943
-487365428 859644674
893927310 624512878
531443790 552976424
-421824274 -560784247
-671886233 -708608079
578344070 109796993
728882045 -502994319
-45429654 -506791164
606682968 -450597858
850484932 307349759
384959907 879660862
547560793 -313580431
-70727983 -818443990
323433099 -410993844
471188854 848137313
-421168465 957700630
749390981 -510354357
-614353898 281355974
-198431881 694861601
-527131301 120837050
979619686 -186863163
-6538193 -510198589
289549634 922633359
-44336639 641063228
239867134 -183728332
726060079 375147781
468386761 274288001
-930811550 152574780
-797304736 378457851
-505688334 654030914
258269532 65461526
-584226430 13707608
-696012055 535744589
59221564 97199256
262343497 -695484625
-19396024 -967319256
93085156 948140369
-514372835 137854704
-319836038 426142330
553065614 895198720
5504845 279681468
302904290 227265536
323472845 358344308
-605987365 509302971
510100188 -115638245
945438126 515786814
-293146599 116864966
298492484 4400470
-327586508 -623091447
-138236564 -300963223
399586435 819106052
-300817577 -490863886
-425500779 174869075
-602231368 243290169
371486013 925378770
920060305 132324940
236270121 961185939
125080686 -425149261
-882460541 502371295
-907758870 608721897
152803521 -200122914
154055520 -374544132
908673076 206353682
-619699735 -404237407
-667275697 230945555
-961694192 711275654
829817012 473106382
-16971518 -577431952
-332316282 366872606
-582974431 -198643118
-910322487 93227172
-309621316 313132646
82512720 792761789
-356263247 189783861
-907381283 471626586
573057852 970765671
-716560737 475365018
-385118843 -785343290
-297876373 -10942678
531245060 27921438
-17388851 551808164
512524694 -177575496
52424998 -488040591
974790547 -511269494
-365603557 146850306
-966503458 -276566060
-748635759 -276741299
-204612384 -889668908
284740368 424039462
-956268863 363504123
-79511849 598110202
368167222 193600177
853704358 -253648693
-845894221 307563940
-511988075 665285152
-651258059 454881526
-987032267 -372947510
41117261 794377882
114885837 21788073
-704696556 -482666595
-69793952 -663844250
218742135 908205348
785380984 -959706095
-974750753 74904961
-788659981 -181859116
-546189508 122939918
182911116 -411461148
81141483 42076855
-920775685 960815990
-636810388 -430231192
666003873 448086147
-968510631 -551574464
-916979942 64916338
-745833666 924210510
-153419536 -447638266
-543009828 -455738202
610955663 -554728766
-531861075 -816049057
-552052043 233963560
237204152 396487997
-940489701 -539775038
-463517828 231296033
774510453 -611661970
37083042 830243464
-637307213 -824616297
-585398937 -208923806
609345950 187622580
217450390 -538451010
15818932 -754734878
-599945973 -371857134
518188499 590263389
148968032 132753302
-957401624 598421738
-939337067 231159736
607636872 285620123
-353063694 -563159709
734267628 910016151
-580649290 504688344
-689155870 440979232
368842904 410448704
602092305 -449215417
-36248328 949892759
726656269 -59483881
178002485 -246093945
162620783 560161223
362940623 -306512458
932242454 264533030
-419280530 948899738
638837482 -357584891
210753189 247690615
-315384486 834118193
671667678 -563159709
786473999 -884392267
-301592624 -141670972
-694501707 -171150066
32393014 -327560609
360476371 969792121
-358489023 828121125
-64567353 -413856081
-399626133 -140970016
-844344127 -272983396
-698655164 -887449214
-250558760 614757907
-179214690 -593145049
20548706 -942668970
-594520644 684697739
882858049 -897983025
-117886612 -548595401
-73788425 562556156
289132301 220820635
157553168 -658528667
-350877664 -465999419
75755900 -932057275
-624071795 -962607274
-380051228 707089389
619024101 510451760
201134657 895549198
-626714904 925145118
-687764760 183923090
96920645 319850141
219238960 486035126
31617967 842763317
-662386939 889026413
-693408692 252285771
-747681855 -633138483
240940276 395358679
-324685050 865836452
-314033122 729656278
926061951 790950986
-479694450 297945266
535299152 -100509278
-168582635 484516388
569520458 194359546
-790488297 857697574
-607577205 294012124
208189572 -617503270
-197517723 -738612890
-763759112 131059325
-88395080 -454141580
149325746 890915100
635677675 -591197949
319160404 -668867768
38374787 -231996941
-179870499 707887700
-423175638 -883262949
32929585 -127165077
-10433301 840660449
-628940680 -425791804
814455183 -417166151
-552827090 -770876337
867953299 -574706012
-423394241 419853197
404972018 546959885
320352784 -663396417
-147199287 -513391833
-9717873 -494972267
617990705 -670386506
-194198932 406048258
72635839 -603542563
143264481 -580469428
-523852256 -64390573
271405585 450091660
550362886 623247263
-217132374 363640420
-31598046 955695117
-657577673 582397105
-604794985 650993438
29272953 777769119
229016476 105513373
-125199876 -893407340
577350420 841361405
328361603 934121249
-67429065 -105591209
374168868 -231919057
269875364 269945968
164488845 724710644
-783870588 -546492533
957123450 -465824180
-163594512 488001697
889356520 782305862
479833609 -9949657
399208848 851116376
-339391070 182793772
-566738190 -345181864
-699410338 295608746
481244592 -356611341
918510211 -180340378
-404236669 -139684930
701815019 -266480082
614373819 -21534902
-990132455 526067502
475759644 -764567733
972803247 -780241888
-262144719 -180729798
695376167 377484301
372062330 177867609
-618547101 518629580
808314426 771538399
473971074 -736879971
-558510768 -457899483
-692295804 897846776
162322688 -751931054
490386172 -474060413
835361579 194515314
237820215 -763749951
-65382146 972985365
751060313 -571473826
-780949257 715422977
-385973382 688085693
303798575 -670425448
845635920 425149309
-744661159 -14525342
-30385793 -911203834
-221027482 197572261
63295529 946310095
727948014 -853316551
-347002429 635221928
-644739715 -833086182
-77425184 -50254627
-893668913 -816419006
162839386 33899035
-833851183 -78137099
444976367 127943965
408509412 -179230531
590963425 460878594
878187894 433969672
-89348984 -842724327
186170288 -354352705
-44753972 939397890
833652501 -218873487
-304593447 -654147692
-100676594 335134876
974353341 -967358198
485417922 -94784804
-44972575 573557271
815369341 -858086946
378083849 -255147960
789832536 -167158511
-371744314 200551324
640129227 -758784846
-318584039 514034424
-573455264 -636721147
-577409991 594118647
733870168 363990898
-664076144 562244620
-845556380 24475071
899849464 46477301
-626635412 -347868862
805492460 -375381385
541857242 -228433748
-39666484 -854367985
636432849 -641997788
-138773135 423864223
919543607 473359505
-356362612 554553575
-533252185 -898333503
848716235 -110751024
178638421 28797633
251413347 -79519540
-592771820 569234709
-500978433 300846445
364053511 153781982
112560696 716279701
-440027942 -74087131
106002606 -873780572
-550700679 -908555778
-18442120 -889552082
162819513 819514943
518347483 86899097
325917224 -78331809
412762234 770409081
-3179656 -948179263
431343489 -801659988
55286710 431905746
846033380 -763652596
28160065 101035043
521288687 -589289791
-733591898 384007086
-112322172 560219636
74384663 967377717
-561968670 506888567
-181897545 404879998
603085955 954857864
256004010 861708600
821351114 333109892
-194119440 235579653
884388270 -430348018
266337970 315547050
-263794178 78078734
-230765252 333421428
293921694 -435546775
-550223727 561699432
699390513 -284296047
-28438239 -398376636
-712049566 -928552495
338814801 -274696844
563280336 -819826431
-109063000 905732531
-104094750 -829581402
810261980 -270822115
486928270 366638954
-277904008 370007437
928625568 -248352581
457794452 414362375
819860639 -14603226
-230447284 854231736
-701377765 208670731
451494711 971602924
-319100737 177458718
343127242 699787764
227049049 -305402611
191953331 537321740
596925325 -892355906
-756406102 -490708118
-763838604 -184254049
968133092 -508329373
-807519458 439246313
-383111670 -854893702
-47098986 -900397429
544023399 520089905
811494106 70192979
409026110 -865680636
-709028870 606073841
-133824758 -33782161
-193960456 -768481404
-313913884 -941130761
-102405545 854056497
-654080025 -489053083
954579706 -408404201
745416381 -50157272
-846828252 -505272426
423632765 -647313371
-309323221 -933848607
-539571799 624337639
-126730097 -232678426
174405472 433891788
827809839 334589688
-682637526 -120661763
-33565473 173622931
836017388 750626545
386510001 274521653
-436371310 41317486
909944948 641686300
-698913513 -357351239
-3815592 -191477790
577747880 140113340
-953049437 744084289
475978247 -263286838
-435616136 -299347130
126591034 -787991346
450640172 57867836
632239646 -931551029
-593109661 924171568
-80286896 -851038444
126789764 503422729
891184836 265876529
552071964 208573376
71602443 458873081
-125835812 358947909
-890032154 846521220
-822742176 -543007224
765070778 -29790606
-36705407 242394503
694541501 510802238
935521499 -169047198
710737996 -826018209
-355408708 -868348163
-48470223 44218665
-936693958 -363192539
170192396 916577878
-850544503 802867238
964933539 681115075
38653009 42018442
921610399 -322459207
167310811 -206100511
292947917 -879212981
980812066 63066593
65898892 -48560650
69833746 508017885
229851142 747978489
104035179 684522500
-321584862 727261345
806029031 610980533
-206261843 -365042284
-740746178 -272379795
320988720 150978158
299506007 -924249404
607358650 94298077
93204394 524470880
760778210 18205409
-668726426 795390374
114885837 68732654
634246819 -796441760
-973081421 -283731388
-536312627 -965216388
231898061 550016832
707160856 885696872
309979078 -701559577
533908042 -135420781
656762928 -439694098
-658134117 -15596247
698993053 622176358
786136158 -904233216
-262403068 624532349
606047032 -485256238
-337662119 -298451464
74603266 -455309840
759188370 -279058348
467790571 -446606303
-816343070 906414016
-447321333 400927385
492830551 -718966651
319518118 -186999460
295531407 599142165
-570991012 -40538598
-830929852 -230711855
-299227737 -366307899
-594123184 -496510476
-303122845 134369395
-863004874 59756523
-600065211 -202809912
750026917 458717313
321942624 -705473248
-58565707 -199791907
-182195640 116339249
479277165 356767157
-465723731 -21106540
-611611424 830321348
-454336502 663863769
465306446 -31036750
-357475500 -595267388
-509086617 330130829
12241792 -107324128
-411728790 -522036957
-214330281 -275397800
521845131 175628444
-730014758 -938015401
405508589 -636837973
-683750414 102884788
891482931 861650187
-769919742 369462249
-985680903 499431174
113613965 -591412130
363536813 639739200
-167986445 575037067
379335848 -751853170
-262562052 846443336
-672363185 -482296646
512445202 -88612497
-31419189 -681484976
622144162 243465408
-758234418 -342728518
284780114 -582630709
-6140733 -627939726
503999177 630393120
-3398259 -497581381
26848447 4478354
-991781914 -835948419
-840985590 -852557182
-442194099 -14992646
-525183747 911982722
210971792 201739055
-434523121 -689098137
707299967 -897223656
199902531 425188251
-617652816 568377985
-311211156 362024327
-763361652 -262936360
768488934 956162421
84380782 -937411800
625641810 -157695605
-470970203 402251413
837289260 -459612931
-684565207 969928418
406124652 606112783
732717534 856918734
555768342 687559976
86845034 -118247359
992099930 541060172
-42786545 194320604
-7472224 -884119673
-215224566 661313068
460775402 751288559
164687575 967358246
-486550635 -729539404
-963105175 -100742930
839852877 305013239
-685936444 669646656
-399705625 367300968
-555827913 -967280314
-139087 -800238605
881009860 307349759
878644973 711256183
-800643400 859333138
284501892 883710830
833473644 -702143707
993252564 368702880
-283607559 -759544215
901200828 857035560
-29809476 -567307032
-111785601 737249968
311807394 -260229891
70131841 -603581505
-575800278 650642960
752491169 -135187129
-565108604 500093188
790647329 -664038960
582199432 -548614872
-945477824 -451065162
75199456 -884645390
-552091789 -83257972
-625900111 195196799
49404302 82440238
-817913037 -42193633
-34777726 142975577
371585378 -380638555
-95271138 -304000699
339550102 -261670745
819065719 -468511178
-596666928 -644373250
-858096243 -164705165
846391094 907484921
899531496 -784467095
-627390586 -282056882
-267391191 432528818
-197140136 907192856
114547996 903688076
131479792 -812914226
12818109 301002213
120887483 -258555385
211210268 -491058596
341259180 -859956162
933931659 429997588
-151134141 743967463
954341230 -969694718
-892019454 -879251923
587565142 -281725875
-213118028 -727144471
-94555710 150043550
-36387439 -591645782
352666282 -465843651
-671608011 220742751
-546785698 -766242239
389252475 -760206229
-716759467 -473748877
-46125209 478227255
760678845 52123891
-631544043 -523828289
-501574623 943253148
-768985711 206567863
966662490 82693361
307077620 -661371433
-445075684 -881510559
-423533352 444834490
-988502869 -687657283
843807604 -859995104
568069729 -68323715
341199561 -952716006
141873371 -257893371
-754637405 -800297018
-988681726 925515067
664930731 -460430713
755909325 -204309179
-10930126 12149928
-239469626 945959617
-770436440 475442902
807956712 519583659
803882747 -618028987
-611333202 135615539
816879689 -593904418
-805373174 -557045815
261469085 741046813
-880214892 -383091901
-457973261 -960445993
-896153038 521998063
-803445493 -873157500
-751835312 -372733329
-367451746 -969577892
404693796 -607767770
16454868 -811687553
-648495712 234820284
-585120715 -817334143
528045507 -22703162
280388181 891966534
-878426322 838051335
62282006 60340653
